-54.6034832179
-54.4246565998
-54.6034832179
-55.3219684629
-54.7826183445
-54.9620718207
-55.1418525391
-55.1418525391
-54.7826183445
-54.7826183445
-54.6034832179
-54.9620718207
-54.6034832179
-54.4246565998
-55.1418525391
-54.7826183445
-55.1418525391
-55.1418525391
-54.7826183445
-54.9620718207
-54.7826183445
-54.7826183445
-54.6034832179
-54.7826183445
-54.6034832179
-54.9620718207
-54.6034832179
-54.7826183445
-55.1418525391
-54.9620718207
-55.1418525391
-54.6034832179
-54.6034832179
-55.1418525391
-54.4246565998
-54.7826183445
-54.7826183445
-55.1418525391
-54.7826183445
-54.7826183445
-54.7826183445
-54.7826183445
-54.9620718207
-55.1418525391
-54.7826183445
-54.9620718207
-55.1418525391
-54.9620718207
-54.9620718207
-54.9620718207
-54.6034832179
-54.6034832179
-54.7826183445
-54.9620718207
-54.6034832179
-54.9620718207
-54.7826183445
-54.6034832179
-54.6034832179
-54.7826183445
-54.4246565998
-54.6034832179
-55.1418525391
-55.1418525391
-54.4246565998
-54.7826183445
-54.4246565998
-54.7826183445
-54.7826183445
-54.9620718207
-54.9620718207
-54.7826183445
-54.9620718207
-55.1418525391
-54.9620718207
-55.1418525391
-55.1418525391
-54.7826183445
-54.9620718207
-54.9620718207
-55.1418525391
-54.7826183445
-54.6034832179
-54.7826183445
-55.1418525391
-54.9620718207
-55.1418525391
-54.9620718207
-54.9620718207
-54.6034832179
-54.7826183445
-54.4246565998
-54.9620718207
-54.9620718207
-54.7826183445
-54.9620718207
-54.7826183445
-54.7826183445
-54.7826183445
-54.7826183445
-55.1418525391
-54.4246565998
-54.9620718207
-54.9620718207
-54.9620718207
-54.7826183445
-54.7826183445
-54.9620718207
-54.6034832179
-54.7826183445
-54.6034832179
-54.6034832179
-55.1418525391
-54.9620718207
-54.7826183445
-55.3219684629
-55.1418525391
-54.9620718207
-55.1418525391
-54.7826183445
-55.5024266463
-54.7826183445
-55.5024266463
-54.9620718207
-55.5024266463
-54.7826183445
-54.9620718207
-54.4246565998
-54.7826183445
-54.9620718207
-54.7826183445
-54.7826183445
-54.4246565998
-54.9620718207
-54.7826183445
-55.3219684629
-54.4246565998
-54.7826183445
-54.4246565998
-54.7826183445
-54.9620718207
-55.1418525391
-54.4246565998
-54.6034832179
-54.9620718207
-54.7826183445
-54.9620718207
-54.6034832179
-54.6034832179
-55.1418525391
-55.3219684629
-54.6034832179
-55.1418525391
-54.9620718207
-54.9620718207
-55.1418525391
-54.7826183445
-54.6034832179
-54.7826183445
-54.7826183445
-54.9620718207
-54.9620718207
-54.6034832179
-54.7826183445
-54.9620718207
-54.6034832179
-55.3219684629
-54.9620718207
-55.1418525391
-54.4246565998
-54.4246565998
-54.9620718207
-54.9620718207
-54.4246565998
-54.9620718207
-54.9620718207
-54.7826183445
-54.7826183445
-54.7826183445
-55.1418525391
-54.7826183445
-54.7826183445
-54.9620718207
-55.3219684629
-54.9620718207
-55.3219684629
-54.6034832179
-54.7826183445
-54.6034832179
-54.9620718207
-55.1418525391
-54.7826183445
-54.7826183445
-54.6034832179
-55.1418525391
-54.7826183445
-54.9620718207
-54.24612768
-55.1418525391
-54.7826183445
-54.4246565998
-54.7826183445
-54.9620718207
-54.24612768
-54.7826183445
-54.6034832179
-54.6034832179
-54.7826183445
-54.7826183445
-54.9620718207
-54.7826183445
-55.1418525391
-54.9620718207
-54.7826183445
-54.7826183445
-54.6034832179
-54.6034832179
-54.9620718207
-55.3219684629
-54.6034832179
-54.9620718207
-55.1418525391
-54.6034832179
-54.9620718207
-54.9620718207
-54.9620718207
-54.9620718207
-55.1418525391
-54.6034832179
-54.7826183445
-54.7826183445
-54.0678846602
-54.7826183445
-54.4246565998
-54.7826183445
-55.3219684629
-54.9620718207
-54.4246565998
-54.7826183445

