-55.3219684629
-55.3219684629
-55.5024266463
-55.3219684629
-55.6832332537
-54.9620718207
-55.1418525391
-55.3219684629
-55.1418525391
-55.5024266463
-55.3219684629
-54.9620718207
-55.1418525391
-55.3219684629
-55.3219684629
-55.5024266463
-55.1418525391
-55.1418525391
-54.9620718207
-55.5024266463
-55.5024266463
-55.3219684629
-55.3219684629
-55.3219684629
-55.3219684629
-55.5024266463
-55.3219684629
-55.5024266463
-55.3219684629
-55.5024266463
-55.3219684629
-55.3219684629
-55.3219684629
-55.3219684629
-54.7826183445
-55.5024266463
-55.3219684629
-55.3219684629
-55.5024266463
-55.5024266463
-55.3219684629
-55.6832332537
-54.9620718207
-55.3219684629
-55.3219684629
-54.9620718207
-55.1418525391
-55.1418525391
-54.9620718207
-55.3219684629
-55.5024266463
-55.6832332537
-54.7826183445
-55.1418525391
-55.6832332537
-55.1418525391
-54.7826183445
-55.1418525391
-55.5024266463
-55.3219684629
-55.3219684629
-55.3219684629
-55.3219684629
-55.5024266463
-55.5024266463
-55.5024266463
-55.5024266463
-55.1418525391
-55.3219684629
-55.3219684629
-54.9620718207
-55.6832332537
-54.9620718207
-55.3219684629
-55.1418525391
-55.5024266463
-55.5024266463
-55.3219684629
-55.3219684629
-55.5024266463
-55.1418525391
-55.5024266463
-55.5024266463
-55.3219684629
-55.3219684629
-54.9620718207
-55.5024266463
-55.5024266463
-55.5024266463
-55.1418525391
-55.3219684629
-55.3219684629
-55.3219684629
-55.1418525391
-55.3219684629
-55.3219684629
-54.9620718207
-55.5024266463
-55.3219684629
-55.1418525391
-55.1418525391
-55.6832332537
-55.5024266463
-55.5024266463
-55.5024266463
-55.5024266463
-55.3219684629
-55.1418525391
-55.3219684629
-55.3219684629
-55.6832332537
-55.5024266463
-55.3219684629
-55.6832332537
-55.1418525391
-54.9620718207
-55.3219684629
-54.9620718207
-55.5024266463
-55.5024266463
-55.3219684629
-55.3219684629
-55.3219684629
-55.3219684629
-55.6832332537
-55.3219684629
-55.1418525391
-55.5024266463
-55.1418525391
-55.1418525391
-55.5024266463
-55.3219684629
-55.1418525391
-55.6832332537
-55.3219684629
-55.5024266463
-55.6832332537
-55.6832332537
-55.6832332537
-54.9620718207
-54.9620718207
-55.6832332537
-55.3219684629
-55.3219684629
-55.5024266463
-55.6832332537
-55.5024266463
-55.5024266463
-55.1418525391
-55.5024266463
-55.6832332537
-55.5024266463
-55.5024266463
-55.3219684629
-55.3219684629
-55.3219684629
-55.5024266463
-55.1418525391
-55.3219684629
-55.6832332537
-55.3219684629
-55.3219684629
-55.5024266463
-55.1418525391
-55.1418525391
-55.1418525391
-54.9620718207
-55.1418525391
-55.5024266463
-55.6832332537
-55.1418525391
-55.5024266463
-55.1418525391
-55.1418525391
-55.1418525391
-55.3219684629
-55.1418525391
-55.3219684629
-55.1418525391
-55.3219684629
-55.3219684629
-55.3219684629
-55.1418525391
-55.3219684629
-55.6832332537
-55.3219684629
-55.5024266463
-55.1418525391
-55.3219684629
-55.3219684629
-55.3219684629
-55.6832332537
-55.6832332537
-55.3219684629
-55.5024266463
-55.3219684629
-55.3219684629
-55.3219684629
-55.3219684629
-55.3219684629
-55.1418525391
-55.3219684629
-55.3219684629
-55.1418525391
-55.1418525391
-55.3219684629
-54.9620718207
-55.3219684629
-55.3219684629
-55.3219684629
-55.5024266463
-55.6832332537
-55.5024266463
-55.3219684629
-55.86439358
-54.9620718207
-55.3219684629
-55.3219684629
-55.3219684629
-55.6832332537
-55.3219684629
-55.3219684629
-55.5024266463
-55.3219684629
-55.3219684629
-55.1418525391
-54.9620718207
-55.3219684629
-55.1418525391
-55.3219684629
-55.1418525391
-55.1418525391
-54.9620718207

