-53.5347377742
-53.3574999084
-53.1804734312
-53.3574999084
-53.7122040659
-53.7122040659
-53.3574999084
-53.1804734312
-53.0036401977
-53.7122040659
-53.8899147338
-53.7122040659
-53.3574999084
-53.5347377742
-53.1804734312
-53.7122040659
-53.3574999084
-53.7122040659
-53.7122040659
-53.8899147338
-53.5347377742
-53.5347377742
-53.0036401977
-53.5347377742
-53.5347377742
-53.5347377742
-53.3574999084
-53.7122040659
-53.3574999084
-53.5347377742
-53.5347377742
-53.7122040659
-53.8899147338
-53.7122040659
-53.5347377742
-53.3574999084
-53.7122040659
-53.3574999084
-53.5347377742
-53.8899147338
-53.5347377742
-53.5347377742
-53.5347377742
-53.3574999084
-53.5347377742
-53.3574999084
-53.7122040659
-53.5347377742
-54.0678846602
-53.5347377742
-53.7122040659
-53.0036401977
-53.8899147338
-53.3574999084
-54.0678846602
-53.8899147338
-53.3574999084
-53.5347377742
-53.8899147338
-53.5347377742
-52.8269809364
-53.8899147338
-53.3574999084
-53.5347377742
-53.7122040659
-53.5347377742
-53.3574999084
-53.1804734312
-53.7122040659
-53.1804734312
-53.5347377742
-53.7122040659
-53.5347377742
-53.5347377742
-53.5347377742
-53.1804734312
-53.8899147338
-53.5347377742
-53.3574999084
-53.5347377742
-53.8899147338
-53.5347377742
-53.1804734312
-53.1804734312
-53.3574999084
-53.8899147338
-53.1804734312
-54.24612768
-53.5347377742
-53.7122040659
-54.0678846602
-53.1804734312
-53.5347377742
-53.3574999084
-53.5347377742
-53.3574999084
-53.3574999084
-53.1804734312
-53.3574999084
-53.7122040659
-53.7122040659
-54.0678846602
-53.5347377742
-53.1804734312
-53.1804734312
-53.5347377742
-53.0036401977
-53.1804734312
-53.5347377742
-52.8269809364
-53.1804734312
-53.5347377742
-53.3574999084
-52.8269809364
-53.0036401977
-53.3574999084
-53.0036401977
-53.7122040659
-53.8899147338
-53.3574999084
-53.3574999084
-53.7122040659
-53.3574999084
-53.7122040659
-53.5347377742
-53.7122040659
-54.24612768
-54.0678846602
-53.5347377742
-53.1804734312
-53.1804734312
-53.1804734312
-52.8269809364
-53.3574999084
-53.0036401977
-53.7122040659
-53.7122040659
-53.1804734312
-53.3574999084
-53.5347377742
-53.5347377742
-53.7122040659
-53.0036401977
-53.1804734312
-53.1804734312
-53.3574999084
-53.7122040659
-53.0036401977
-53.7122040659
-53.1804734312
-53.3574999084
-53.5347377742
-53.3574999084
-54.0678846602
-53.5347377742
-53.7122040659
-53.0036401977
-53.7122040659
-53.3574999084
-53.7122040659
-53.3574999084
-53.5347377742
-53.5347377742
-53.5347377742
-53.5347377742
-53.8899147338
-53.3574999084
-53.3574999084
-53.3574999084
-53.8899147338
-53.7122040659
-53.5347377742
-53.7122040659
-53.3574999084
-53.7122040659
-53.5347377742
-53.5347377742
-53.8899147338
-53.5347377742
-53.5347377742
-53.7122040659
-53.5347377742
-53.7122040659
-53.3574999084
-53.0036401977
-53.3574999084
-53.7122040659
-53.5347377742
-53.5347377742
-53.5347377742
-53.5347377742
-53.3574999084
-53.3574999084
-53.3574999084
-54.24612768
-53.5347377742
-53.7122040659
-53.7122040659
-53.0036401977
-53.5347377742
-53.8899147338
-53.5347377742
-53.5347377742
-53.5347377742
-53.3574999084
-53.5347377742
-53.5347377742
-53.3574999084
-53.5347377742
-53.8899147338
-53.3574999084
-53.3574999084
-53.3574999084
-53.5347377742
-53.3574999084
-53.3574999084
-53.8899147338
-53.8899147338
-53.5347377742
-53.0036401977
-53.5347377742
-53.5347377742
-53.1804734312
-53.3574999084
-53.5347377742
-53.1804734312
-53.7122040659
-54.0678846602
-53.3574999084
-53.1804734312
-53.5347377742
-53.7122040659
-53.8899147338
-53.0036401977
-54.0678846602
-53.8899147338
-53.0036401977
-53.5347377742
-53.7122040659

