-53.1804734312
-53.3574999084
-53.3574999084
-54.0678846602
-53.1804734312
-53.0036401977
-52.6504752288
-53.1804734312
-53.3574999084
-53.1804734312
-52.8269809364
-53.0036401977
-53.0036401977
-53.0036401977
-53.0036401977
-53.3574999084
-53.0036401977
-52.47410149
-53.0036401977
-53.1804734312
-52.6504752288
-53.1804734312
-53.3574999084
-52.8269809364
-53.0036401977
-53.0036401977
-53.3574999084
-53.3574999084
-52.6504752288
-52.8269809364
-53.0036401977
-53.1804734312
-53.3574999084
-53.0036401977
-53.3574999084
-53.1804734312
-53.0036401977
-52.8269809364
-53.1804734312
-53.0036401977
-53.0036401977
-53.3574999084
-52.8269809364
-53.3574999084
-52.6504752288
-52.8269809364
-53.1804734312
-52.8269809364
-52.6504752288
-53.0036401977
-53.1804734312
-52.6504752288
-53.3574999084
-53.3574999084
-52.8269809364
-53.3574999084
-53.5347377742
-52.8269809364
-53.0036401977
-53.0036401977
-52.8269809364
-53.0036401977
-53.1804734312
-53.0036401977
-52.8269809364
-53.5347377742
-52.6504752288
-52.8269809364
-53.5347377742
-53.0036401977
-52.8269809364
-53.0036401977
-52.8269809364
-53.1804734312
-52.8269809364
-52.8269809364
-52.8269809364
-53.1804734312
-52.8269809364
-52.6504752288
-53.1804734312
-53.1804734312
-53.3574999084
-52.6504752288
-53.0036401977
-53.1804734312
-53.0036401977
-53.3574999084
-52.8269809364
-53.0036401977
-53.1804734312
-52.8269809364
-52.8269809364
-53.1804734312
-52.8269809364
-53.3574999084
-53.0036401977
-53.0036401977
-53.3574999084
-52.6504752288
-53.1804734312
-53.1804734312
-53.0036401977
-52.6504752288
-53.5347377742
-53.0036401977
-53.0036401977
-53.3574999084
-52.6504752288
-53.3574999084
-53.5347377742
-53.3574999084
-52.8269809364
-52.8269809364
-53.1804734312
-53.0036401977
-52.6504752288
-52.8269809364
-52.6504752288
-53.1804734312
-52.6504752288
-52.6504752288
-53.1804734312
-53.1804734312
-53.0036401977
-52.2978369487
-52.6504752288
-52.8269809364
-53.0036401977
-53.3574999084
-52.8269809364
-52.8269809364
-53.3574999084
-53.1804734312
-52.8269809364
-52.8269809364
-52.6504752288
-53.0036401977
-53.0036401977
-53.1804734312
-53.1804734312
-53.1804734312
-52.6504752288
-52.8269809364
-52.8269809364
-53.1804734312
-53.3574999084
-53.0036401977
-53.0036401977
-53.0036401977
-53.0036401977
-53.0036401977
-52.8269809364
-53.0036401977
-52.8269809364
-53.0036401977
-53.0036401977
-52.8269809364
-53.1804734312
-53.0036401977
-53.0036401977
-53.1804734312
-52.8269809364
-53.1804734312
-52.8269809364
-53.0036401977
-53.3574999084
-52.8269809364
-53.0036401977
-52.6504752288
-53.3574999084
-53.1804734312
-53.0036401977
-53.0036401977
-52.8269809364
-52.6504752288
-53.3574999084
-53.1804734312
-52.6504752288
-53.1804734312
-52.47410149
-52.8269809364
-53.1804734312
-52.8269809364
-53.0036401977
-52.47410149
-53.1804734312
-52.8269809364
-53.0036401977
-53.3574999084
-52.8269809364
-52.6504752288
-52.8269809364
-53.0036401977
-53.1804734312
-53.0036401977
-53.0036401977
-53.0036401977
-53.0036401977
-53.0036401977
-52.8269809364
-53.0036401977
-52.6504752288
-53.0036401977
-52.8269809364
-53.1804734312
-52.6504752288
-53.0036401977
-53.0036401977
-53.1804734312
-53.0036401977
-53.3574999084
-53.0036401977
-53.3574999084
-53.5347377742
-52.8269809364
-53.0036401977
-52.47410149
-53.0036401977
-53.0036401977
-53.0036401977
-52.8269809364
-53.1804734312
-53.0036401977
-52.8269809364
-53.0036401977
-53.1804734312
-53.0036401977
-52.8269809364
-53.5347377742
-52.47410149
-53.3574999084
-53.5347377742
-53.0036401977
-53.0036401977
-53.5347377742
-53.0036401977
-53.1804734312
-53.0036401977

