-56.9589755447
-57.1426912564
-56.9589755447
-57.32677411
-57.1426912564
-55.3219684629
-56.7756279254
-57.32677411
-57.32677411
-57.32677411
-56.9589755447
-57.32677411
-56.7756279254
-57.32677411
-56.9589755447
-56.9589755447
-57.1426912564
-56.7756279254
-57.1426912564
-56.7756279254
-56.7756279254
-56.9589755447
-57.1426912564
-57.1426912564
-57.32677411
-56.7756279254
-57.1426912564
-56.9589755447
-56.9589755447
-57.1426912564
-56.9589755447
-57.1426912564
-57.1426912564
-56.9589755447
-56.9589755447
-57.1426912564
-57.32677411
-56.9589755447
-56.9589755447
-57.1426912564
-56.9589755447
-57.1426912564
-56.9589755447
-56.9589755447
-57.1426912564
-57.1426912564
-56.9589755447
-56.5926486378
-56.9589755447
-56.9589755447
-57.1426912564
-57.1426912564
-56.9589755447
-56.7756279254
-56.7756279254
-56.9589755447
-57.1426912564
-56.7756279254
-56.7756279254
-56.7756279254
-57.32677411
-56.9589755447
-56.9589755447
-56.7756279254
-56.7756279254
-57.1426912564
-57.1426912564
-56.9589755447
-56.7756279254
-56.9589755447
-56.7756279254
-56.7756279254
-56.9589755447
-56.7756279254
-56.9589755447
-57.1426912564
-56.9589755447
-56.9589755447
-56.5926486378
-57.32677411
-56.7756279254
-56.7756279254
-56.9589755447
-56.9589755447
-57.5112224632
-56.7756279254
-56.9589755447
-56.7756279254
-56.9589755447
-57.5112224632
-56.7756279254
-56.9589755447
-57.32677411
-57.1426912564
-56.9589755447
-56.9589755447
-57.5112224632
-57.1426912564
-57.1426912564
-57.32677411
-57.1426912564
-56.9589755447
-56.5926486378
-56.7756279254
-56.9589755447
-56.9589755447
-57.1426912564
-56.7756279254
-56.7756279254
-56.5926486378
-56.9589755447
-56.5926486378
-57.1426912564
-56.9589755447
-56.5926486378
-56.7756279254
-56.7756279254
-56.7756279254
-56.7756279254
-56.9589755447
-56.9589755447
-56.7756279254
-56.5926486378
-56.9589755447
-56.9589755447
-56.9589755447
-57.1426912564
-56.9589755447
-57.32677411
-56.9589755447
-56.7756279254
-56.7756279254
-58.8123208753
-56.5926486378
-56.7756279254
-56.7756279254
-56.9589755447
-56.7756279254
-56.5926486378
-57.5112224632
-57.1426912564
-56.9589755447
-57.5112224632
-56.9589755447
-57.32677411
-56.9589755447
-57.1426912564
-56.7756279254
-57.1426912564
-56.9589755447
-56.7756279254
-57.32677411
-56.9589755447
-56.7756279254
-57.32677411
-57.1426912564
-56.5926486378
-57.1426912564
-57.1426912564
-57.1426912564
-56.04591207
-56.9589755447
-56.9589755447
-56.7756279254
-57.1426912564
-56.7756279254
-56.7756279254
-56.7756279254
-57.32677411
-56.7756279254
-56.04591207
-57.1426912564
-56.7756279254
-57.32677411
-57.32677411
-56.9589755447
-56.7756279254
-56.7756279254
-57.32677411
-56.9589755447
-56.5926486378
-57.1426912564
-56.9589755447
-56.7756279254
-56.9589755447
-56.7756279254
-56.9589755447
-57.1426912564
-56.9589755447
-56.9589755447
-57.32677411
-56.7756279254
-57.1426912564
-57.1426912564
-57.1426912564
-56.5926486378
-57.1426912564
-56.7756279254
-57.1426912564
-56.9589755447
-57.1426912564
-57.1426912564
-56.5926486378
-57.32677411
-56.9589755447
-56.7756279254
-56.9589755447
-57.1426912564
-57.1426912564
-56.9589755447
-56.7756279254
-56.7756279254
-56.9589755447
-57.32677411
-56.9589755447
-56.7756279254
-57.32677411
-57.1426912564
-57.1426912564
-57.6960340019
-56.9589755447
-57.32677411
-56.9589755447
-56.9589755447
-57.32677411
-57.32677411
-58.066734139
-57.1426912564
-57.1426912564
-57.1426912564
-56.9589755447
-56.7756279254
-57.1426912564

