-54.4246565998
-54.0678846602
-53.8899147338
-54.7826183445
-54.0678846602
-54.4246565998
-54.0678846602
-54.0678846602
-54.0678846602
-53.8899147338
-53.8899147338
-53.8899147338
-54.4246565998
-53.8899147338
-54.0678846602
-54.4246565998
-54.24612768
-54.4246565998
-53.8899147338
-54.6034832179
-54.4246565998
-54.24612768
-54.24612768
-54.24612768
-53.8899147338
-54.24612768
-53.7122040659
-53.8899147338
-54.0678846602
-53.7122040659
-53.8899147338
-54.24612768
-54.0678846602
-54.4246565998
-53.8899147338
-54.0678846602
-54.0678846602
-53.8899147338
-54.24612768
-54.24612768
-54.0678846602
-53.7122040659
-53.8899147338
-54.24612768
-54.24612768
-53.8899147338
-53.8899147338
-53.8899147338
-54.24612768
-54.4246565998
-54.24612768
-54.4246565998
-54.24612768
-54.0678846602
-53.8899147338
-54.0678846602
-54.4246565998
-54.24612768
-54.4246565998
-54.0678846602
-53.7122040659
-54.24612768
-53.7122040659
-54.0678846602
-54.24612768
-53.7122040659
-54.24612768
-53.8899147338
-54.0678846602
-53.8899147338
-54.0678846602
-54.24612768
-54.24612768
-54.24612768
-54.0678846602
-53.8899147338
-54.24612768
-53.8899147338
-54.24612768
-53.7122040659
-53.7122040659
-53.5347377742
-53.5347377742
-54.0678846602
-54.0678846602
-54.0678846602
-54.24612768
-53.8899147338
-54.24612768
-53.7122040659
-54.24612768
-53.8899147338
-54.0678846602
-53.8899147338
-53.8899147338
-53.8899147338
-54.0678846602
-54.4246565998
-54.0678846602
-54.4246565998
-54.0678846602
-54.24612768
-53.5347377742
-54.0678846602
-54.24612768
-54.0678846602
-53.5347377742
-53.7122040659
-53.8899147338
-54.6034832179
-53.8899147338
-54.0678846602
-53.7122040659
-54.0678846602
-54.24612768
-54.24612768
-54.0678846602
-54.0678846602
-53.8899147338
-54.24612768
-53.5347377742
-54.4246565998
-53.7122040659
-54.24612768
-53.7122040659
-53.8899147338
-54.24612768
-54.24612768
-54.6034832179
-53.8899147338
-54.0678846602
-53.8899147338
-53.7122040659
-54.0678846602
-54.24612768
-53.7122040659
-54.24612768
-54.24612768
-54.4246565998
-54.0678846602
-54.0678846602
-54.0678846602
-53.5347377742
-53.8899147338
-53.7122040659
-53.8899147338
-54.0678846602
-54.6034832179
-53.8899147338
-54.0678846602
-54.0678846602
-53.7122040659
-53.8899147338
-54.0678846602
-53.8899147338
-53.8899147338
-53.8899147338
-54.0678846602
-53.7122040659
-54.0678846602
-53.7122040659
-53.7122040659
-53.5347377742
-54.0678846602
-53.5347377742
-54.24612768
-54.0678846602
-54.0678846602
-54.0678846602
-53.8899147338
-54.4246565998
-54.0678846602
-53.5347377742
-53.7122040659
-54.24612768
-53.8899147338
-54.0678846602
-53.5347377742
-54.0678846602
-54.6034832179
-53.8899147338
-53.8899147338
-54.7826183445
-54.0678846602
-53.7122040659
-53.7122040659
-54.0678846602
-54.0678846602
-54.0678846602
-54.24612768
-54.0678846602
-53.7122040659
-54.24612768
-53.3574999084
-53.8899147338
-53.8899147338
-54.0678846602
-54.0678846602
-53.8899147338
-53.7122040659
-54.0678846602
-53.8899147338
-54.24612768
-53.8899147338
-53.8899147338
-53.7122040659
-53.8899147338
-53.8899147338
-53.8899147338
-54.0678846602
-53.8899147338
-54.24612768
-54.0678846602
-54.24612768
-53.7122040659
-53.7122040659
-54.4246565998
-54.0678846602
-53.7122040659
-54.4246565998
-54.24612768
-53.8899147338
-54.0678846602
-53.7122040659
-54.0678846602
-54.0678846602
-54.4246565998
-54.24612768
-54.6034832179
-54.0678846602
-54.4246565998
-54.4246565998
-54.24612768
-54.4246565998
-54.24612768
-54.24612768

