-65.1061489173
-65.8743854654
-65.8743854654
-72.2785978574
-64.913925119
-65.2983195917
-65.49042432
-65.1061489173
-65.2983195917
-65.2983195917
-65.6824504392
-66.0662171135
-66.0662171135
-66.0662171135
-66.0662171135
-65.2983195917
-65.6824504392
-65.6824504392
-65.8743854654
-65.6824504392
-65.8743854654
-65.1061489173
-65.6824504392
-65.2983195917
-65.6824504392
-66.0662171135
-65.49042432
-65.8743854654
-65.6824504392
-65.8743854654
-65.49042432
-65.49042432
-65.8743854654
-65.6824504392
-65.6824504392
-65.6824504392
-65.6824504392
-66.0662171135
-65.8743854654
-66.0662171135
-65.49042432
-66.0662171135
-65.6824504392
-65.6824504392
-66.257933317
-65.6824504392
-65.8743854654
-66.257933317
-65.6824504392
-65.49042432
-65.6824504392
-65.49042432
-65.2983195917
-65.6824504392
-65.2983195917
-64.913925119
-65.49042432
-65.8743854654
-65.2983195917
-65.6824504392
-65.49042432
-65.49042432
-65.49042432
-65.49042432
-65.1061489173
-65.6824504392
-65.6824504392
-65.1061489173
-65.1061489173
-65.49042432
-65.6824504392
-65.2983195917
-65.49042432
-65.6824504392
-65.2983195917
-65.8743854654
-65.6824504392
-65.49042432
-65.6824504392
-65.2983195917
-65.49042432
-65.2983195917
-65.1061489173
-64.913925119
-64.7216611585
-64.913925119
-65.1061489173
-65.49042432
-64.7216611585
-65.2983195917
-65.2983195917
-65.2983195917
-65.2983195917
-65.2983195917
-65.49042432
-65.1061489173
-65.49042432
-65.6824504392
-65.2983195917
-65.8743854654
-65.8743854654
-65.49042432
-65.6824504392
-65.6824504392
-65.8743854654
-66.257933317
-66.0662171135
-65.8743854654
-66.0662171135
-65.6824504392
-65.49042432
-65.6824504392
-65.6824504392
-65.1061489173
-65.6824504392
-65.1061489173
-65.2983195917
-64.913925119
-64.913925119
-65.2983195917
-65.1061489173
-65.6824504392
-65.6824504392
-65.6824504392
-65.1061489173
-64.913925119
-65.49042432
-64.913925119
-65.2983195917
-65.2983195917
-65.49042432
-65.49042432
-65.49042432
-65.8743854654
-65.1061489173
-65.49042432
-65.8743854654
-65.49042432
-65.6824504392
-64.7216611585
-65.8743854654
-65.49042432
-65.8743854654
-65.6824504392
-65.1061489173
-65.8743854654
-65.8743854654
-65.2983195917
-64.913925119
-65.49042432
-65.6824504392
-65.2983195917
-65.1061489173
-65.49042432
-65.2983195917
-65.1061489173
-65.6824504392
-65.2983195917
-65.2983195917
-65.8743854654
-65.49042432
-64.3370651763
-64.913925119
-65.6824504392
-65.1061489173
-65.2983195917
-65.1061489173
-65.49042432
-65.49042432
-65.49042432
-65.49042432
-65.6824504392
-65.49042432
-65.2983195917
-65.49042432
-66.0662171135
-65.49042432
-65.6824504392
-64.913925119
-65.8743854654
-64.3370651763
-64.5293701172
-65.6824504392
-65.49042432
-65.49042432
-65.6824504392
-65.2983195917
-65.2983195917
-65.49042432
-65.8743854654
-66.0662171135
-66.0662171135
-65.49042432
-65.8743854654
-65.8743854654
-66.0662171135
-65.8743854654
-66.0662171135
-65.6824504392
-65.2983195917
-65.1061489173
-65.49042432
-65.2983195917
-65.2983195917
-65.2983195917
-65.49042432
-65.49042432
-65.49042432
-65.6824504392
-65.6824504392
-65.49042432
-65.49042432
-66.0662171135
-65.8743854654
-65.6824504392
-65.49042432
-65.49042432
-65.2983195917
-65.2983195917
-65.2983195917
-65.6824504392
-65.2983195917
-65.49042432
-65.2983195917
-65.1061489173
-65.1061489173
-69.301
-68.1662871969
-64.913925119
-65.2983195917
-65.2983195917
-65.2983195917
-65.1061489173
-65.1061489173

