-60.6982262809
-60.6982262809
-60.8883027739
-62.9916604616
-60.5083900165
-60.5083900165
-60.6982262809
-60.6982262809
-60.6982262809
-60.5083900165
-60.3188046883
-60.8883027739
-60.8883027739
-60.8883027739
-60.6982262809
-60.8883027739
-60.5083900165
-60.5083900165
-60.6982262809
-60.3188046883
-61.0786084717
-60.5083900165
-60.5083900165
-60.6982262809
-60.8883027739
-60.6982262809
-60.6982262809
-60.6982262809
-60.6982262809
-60.5083900165
-60.5083900165
-60.8883027739
-60.8883027739
-60.8883027739
-60.6982262809
-60.5083900165
-60.8883027739
-60.8883027739
-60.6982262809
-60.8883027739
-60.6982262809
-61.0786084717
-60.5083900165
-60.8883027739
-60.5083900165
-60.6982262809
-60.3188046883
-60.3188046883
-60.8883027739
-60.6982262809
-60.5083900165
-60.6982262809
-60.8883027739
-60.6982262809
-60.5083900165
-60.5083900165
-59.9404279754
-60.6982262809
-60.6982262809
-60.6982262809
-60.8883027739
-60.8883027739
-60.6982262809
-60.5083900165
-60.6982262809
-60.8883027739
-60.8883027739
-60.8883027739
-60.6982262809
-61.0786084717
-60.6982262809
-60.8883027739
-60.8883027739
-61.0786084717
-61.0786084717
-61.0786084717
-60.6982262809
-60.6982262809
-60.6982262809
-60.8883027739
-61.0786084717
-61.0786084717
-60.5083900165
-60.6982262809
-60.8883027739
-61.0786084717
-60.6982262809
-61.269132055
-60.8883027739
-61.0786084717
-60.8883027739
-60.6982262809
-60.8883027739
-60.6982262809
-60.8883027739
-60.6982262809
-60.5083900165
-60.5083900165
-60.3188046883
-60.5083900165
-60.5083900165
-60.8883027739
-60.5083900165
-60.5083900165
-61.4598619284
-60.8883027739
-60.5083900165
-60.5083900165
-60.3188046883
-60.5083900165
-60.3188046883
-60.6982262809
-61.0786084717
-60.6982262809
-60.6982262809
-60.6982262809
-60.6982262809
-60.5083900165
-60.3188046883
-60.5083900165
-60.3188046883
-61.0786084717
-60.6982262809
-60.1294806689
-60.6982262809
-60.6982262809
-60.6982262809
-60.3188046883
-60.5083900165
-60.5083900165
-60.5083900165
-60.5083900165
-60.8883027739
-60.5083900165
-60.5083900165
-60.5083900165
-60.6982262809
-60.6982262809
-60.6982262809
-60.5083900165
-60.3188046883
-60.3188046883
-60.8883027739
-60.8883027739
-60.6982262809
-60.6982262809
-60.6982262809
-60.5083900165
-60.8883027739
-61.0786084717
-60.8883027739
-60.5083900165
-61.0786084717
-61.0786084717
-60.6982262809
-61.269132055
-60.6982262809
-60.5083900165
-60.8883027739
-60.6982262809
-61.0786084717
-60.8883027739
-60.5083900165
-60.6982262809
-61.269132055
-60.5083900165
-59.9404279754
-60.3188046883
-60.8883027739
-60.5083900165
-60.8883027739
-60.5083900165
-60.6982262809
-60.6982262809
-60.5083900165
-60.3188046883
-60.5083900165
-60.5083900165
-60.5083900165
-60.3188046883
-60.5083900165
-60.1294806689
-60.5083900165
-60.6982262809
-60.5083900165
-60.5083900165
-60.8883027739
-60.6982262809
-60.5083900165
-60.3188046883
-60.3188046883
-61.0786084717
-60.5083900165
-60.5083900165
-60.3188046883
-60.3188046883
-60.6982262809
-60.3188046883
-60.6982262809
-60.6982262809
-60.6982262809
-60.6982262809
-60.8883027739
-60.6982262809
-60.8883027739
-60.8883027739
-60.8883027739
-60.6982262809
-60.5083900165
-60.5083900165
-60.3188046883
-60.6982262809
-60.5083900165
-60.6982262809
-60.3188046883
-60.6982262809
-60.5083900165
-60.8883027739
-60.5083900165
-60.5083900165
-60.3188046883
-60.5083900165
-60.6982262809
-59.9404279754
-60.3188046883
-61.4598619284
-59.9404279754
-60.3188046883
-60.3188046883
-60.5083900165
-60.1294806689
-60.5083900165
-60.3188046883

