-54.4246565998
-54.7826183445
-54.7826183445
-54.6034832179
-54.4246565998
-54.6034832179
-54.6034832179
-54.7826183445
-54.6034832179
-54.7826183445
-54.7826183445
-54.4246565998
-54.9620718207
-54.4246565998
-54.24612768
-54.6034832179
-54.4246565998
-54.6034832179
-54.6034832179
-54.7826183445
-54.6034832179
-54.24612768
-54.7826183445
-54.6034832179
-54.7826183445
-54.7826183445
-54.24612768
-54.0678846602
-54.4246565998
-54.6034832179
-54.4246565998
-54.4246565998
-54.6034832179
-54.9620718207
-54.6034832179
-54.4246565998
-54.7826183445
-54.4246565998
-54.7826183445
-53.8899147338
-54.7826183445
-54.7826183445
-54.4246565998
-54.4246565998
-54.7826183445
-54.4246565998
-54.7826183445
-54.6034832179
-54.6034832179
-54.7826183445
-54.4246565998
-54.4246565998
-54.6034832179
-54.7826183445
-54.6034832179
-54.24612768
-54.24612768
-54.6034832179
-54.4246565998
-54.7826183445
-54.7826183445
-54.6034832179
-54.7826183445
-54.7826183445
-54.6034832179
-54.6034832179
-54.4246565998
-54.6034832179
-54.4246565998
-54.6034832179
-54.4246565998
-54.6034832179
-54.6034832179
-54.24612768
-54.4246565998
-54.4246565998
-54.4246565998
-54.4246565998
-54.6034832179
-54.4246565998
-54.6034832179
-54.9620718207
-54.24612768
-54.4246565998
-54.7826183445
-54.4246565998
-54.9620718207
-54.24612768
-54.7826183445
-54.6034832179
-54.6034832179
-54.6034832179
-54.7826183445
-54.4246565998
-54.6034832179
-54.9620718207
-54.6034832179
-54.4246565998
-54.7826183445
-54.4246565998
-54.7826183445
-54.4246565998
-54.4246565998
-54.6034832179
-54.6034832179
-54.6034832179
-54.6034832179
-54.4246565998
-54.6034832179
-54.7826183445
-54.4246565998
-54.7826183445
-54.6034832179
-54.6034832179
-54.0678846602
-54.24612768
-54.4246565998
-54.24612768
-54.6034832179
-54.9620718207
-54.4246565998
-54.6034832179
-54.4246565998
-54.7826183445
-54.6034832179
-54.24612768
-54.6034832179
-54.6034832179
-54.6034832179
-54.4246565998
-54.4246565998
-54.4246565998
-54.24612768
-54.24612768
-54.0678846602
-54.6034832179
-54.24612768
-54.4246565998
-53.8899147338
-54.6034832179
-54.4246565998
-54.6034832179
-54.6034832179
-54.6034832179
-54.6034832179
-54.0678846602
-54.24612768
-54.4246565998
-54.7826183445
-54.4246565998
-54.7826183445
-54.6034832179
-54.9620718207
-54.24612768
-54.4246565998
-54.4246565998
-54.7826183445
-54.6034832179
-54.6034832179
-54.6034832179
-54.4246565998
-54.6034832179
-53.8899147338
-54.6034832179
-54.6034832179
-54.6034832179
-54.6034832179
-54.24612768
-54.4246565998
-54.6034832179
-54.4246565998
-54.4246565998
-54.4246565998
-54.4246565998
-54.7826183445
-54.24612768
-54.6034832179
-54.7826183445
-54.6034832179
-54.7826183445
-54.4246565998
-54.4246565998
-54.4246565998
-54.4246565998
-54.6034832179
-54.6034832179
-54.9620718207
-54.7826183445
-54.6034832179
-54.6034832179
-54.7826183445
-54.7826183445
-54.7826183445
-54.4246565998
-54.24612768
-54.9620718207
-54.6034832179
-54.4246565998
-54.6034832179
-54.24612768
-54.7826183445
-54.6034832179
-54.7826183445
-54.6034832179
-54.4246565998
-54.6034832179
-54.6034832179
-54.4246565998
-54.7826183445
-54.6034832179
-54.4246565998
-54.6034832179
-54.6034832179
-54.4246565998
-54.24612768
-54.24612768
-54.6034832179
-54.24612768
-54.4246565998
-54.0678846602
-54.4246565998
-54.9620718207
-54.24612768
-55.5024266463
-54.6034832179
-54.4246565998
-54.7826183445
-54.6034832179
-54.6034832179
-54.7826183445
-54.7826183445

