-59.1871172632
-58.9995576387
-59.3749922783
-59.5631747401
-58.9995576387
-59.3749922783
-59.1871172632
-59.3749922783
-59.1871172632
-59.3749922783
-59.1871172632
-58.9995576387
-59.3749922783
-59.1871172632
-58.9995576387
-59.3749922783
-58.9995576387
-58.9995576387
-59.3749922783
-59.1871172632
-58.6254139493
-59.3749922783
-59.3749922783
-58.9995576387
-59.1871172632
-59.3749922783
-59.3749922783
-59.1871172632
-58.4388433238
-58.9995576387
-59.1871172632
-58.9995576387
-58.9995576387
-58.9995576387
-59.1871172632
-58.9995576387
-59.1871172632
-58.9995576387
-59.1871172632
-59.1871172632
-58.9995576387
-58.9995576387
-59.1871172632
-58.8123208753
-58.6254139493
-58.8123208753
-58.6254139493
-58.9995576387
-59.1871172632
-58.8123208753
-59.1871172632
-59.1871172632
-58.8123208753
-58.8123208753
-58.9995576387
-58.6254139493
-58.9995576387
-59.1871172632
-59.1871172632
-58.9995576387
-59.1871172632
-58.9995576387
-58.9995576387
-59.1871172632
-58.8123208753
-58.6254139493
-58.4388433238
-58.9995576387
-58.9995576387
-58.9995576387
-59.1871172632
-58.9995576387
-60.3188046883
-58.6254139493
-58.8123208753
-58.9995576387
-58.8123208753
-58.9995576387
-58.8123208753
-58.9995576387
-58.6254139493
-59.1871172632
-59.1871172632
-59.1871172632
-58.9995576387
-59.1871172632
-58.9995576387
-59.3749922783
-59.1871172632
-58.9995576387
-58.9995576387
-59.1871172632
-59.1871172632
-59.1871172632
-59.1871172632
-58.9995576387
-59.1871172632
-58.8123208753
-58.9995576387
-59.1871172632
-58.2526149282
-59.1871172632
-58.8123208753
-58.9995576387
-58.9995576387
-57.88120576
-58.8123208753
-58.8123208753
-58.8123208753
-58.9995576387
-59.1871172632
-58.8123208753
-58.9995576387
-59.3749922783
-58.9995576387
-58.9995576387
-59.1871172632
-59.1871172632
-59.1871172632
-59.75165625
-59.1871172632
-59.3749922783
-58.9995576387
-59.1871172632
-59.1871172632
-59.1871172632
-59.1871172632
-59.3749922783
-59.5631747401
-59.3749922783
-59.1871172632
-59.1871172632
-59.3749922783
-59.1871172632
-59.75165625
-59.5631747401
-58.9995576387
-59.3749922783
-58.9995576387
-59.1871172632
-58.9995576387
-58.9995576387
-58.9995576387
-59.1871172632
-58.6254139493
-58.4388433238
-59.1871172632
-58.9995576387
-59.3749922783
-58.8123208753
-58.9995576387
-58.9995576387
-58.9995576387
-58.6254139493
-59.1871172632
-58.9995576387
-58.9995576387
-59.1871172632
-58.9995576387
-59.1871172632
-59.1871172632
-59.1871172632
-59.1871172632
-59.1871172632
-59.5631747401
-58.9995576387
-59.75165625
-59.75165625
-59.3749922783
-58.9995576387
-58.9995576387
-59.1871172632
-58.9995576387
-59.1871172632
-59.1871172632
-59.1871172632
-58.9995576387
-58.9995576387
-59.1871172632
-59.1871172632
-58.8123208753
-58.9995576387
-58.9995576387
-58.9995576387
-58.2526149282
-58.9995576387
-58.4388433238
-58.9995576387
-59.3749922783
-59.3749922783
-59.1871172632
-58.9995576387
-59.1871172632
-58.9995576387
-59.3749922783
-58.9995576387
-59.1871172632
-59.1871172632
-59.1871172632
-59.1871172632
-58.4388433238
-58.9995576387
-59.1871172632
-58.9995576387
-59.1871172632
-58.9995576387
-58.9995576387
-59.3749922783
-59.5631747401
-58.9995576387
-61.269132055
-58.6254139493
-58.8123208753
-58.9995576387
-58.9995576387
-58.9995576387
-58.9995576387
-58.9995576387

