-58.8123208753
-58.6254139493
-58.9995576387
-58.6254139493
-58.4388433238
-58.6254139493
-58.4388433238
-58.8123208753
-58.2526149282
-58.6254139493
-58.8123208753
-58.2526149282
-58.8123208753
-58.4388433238
-58.2526149282
-58.9995576387
-60.3188046883
-58.8123208753
-58.8123208753
-58.9995576387
-58.8123208753
-58.6254139493
-58.8123208753
-59.1871172632
-58.8123208753
-58.066734139
-58.8123208753
-58.9995576387
-58.2526149282
-58.9995576387
-58.6254139493
-58.6254139493
-58.6254139493
-58.8123208753
-58.9995576387
-58.9995576387
-58.8123208753
-58.6254139493
-58.8123208753
-58.4388433238
-58.9995576387
-58.8123208753
-58.6254139493
-58.6254139493
-58.8123208753
-58.6254139493
-58.6254139493
-58.4388433238
-58.8123208753
-58.6254139493
-58.6254139493
-58.6254139493
-58.8123208753
-58.9995576387
-58.8123208753
-58.8123208753
-58.8123208753
-58.8123208753
-58.6254139493
-58.6254139493
-58.6254139493
-58.6254139493
-58.6254139493
-58.8123208753
-58.6254139493
-58.6254139493
-58.8123208753
-58.9995576387
-58.9995576387
-58.8123208753
-58.9995576387
-58.8123208753
-58.6254139493
-58.8123208753
-60.5083900165
-58.8123208753
-58.9995576387
-58.4388433238
-58.6254139493
-58.8123208753
-58.6254139493
-58.6254139493
-58.8123208753
-58.6254139493
-58.4388433238
-58.8123208753
-58.8123208753
-59.3749922783
-58.8123208753
-58.6254139493
-58.6254139493
-58.8123208753
-58.4388433238
-58.6254139493
-58.6254139493
-58.8123208753
-58.8123208753
-58.6254139493
-58.4388433238
-58.9995576387
-58.9995576387
-59.5631747401
-58.6254139493
-58.6254139493
-58.4388433238
-58.6254139493
-58.8123208753
-58.8123208753
-58.9995576387
-58.9995576387
-58.8123208753
-58.4388433238
-58.8123208753
-58.9995576387
-58.6254139493
-58.4388433238
-58.4388433238
-57.88120576
-58.6254139493
-58.6254139493
-58.6254139493
-58.8123208753
-59.1871172632
-58.4388433238
-57.88120576
-58.9995576387
-60.8883027739
-58.8123208753
-58.8123208753
-58.8123208753
-58.6254139493
-58.6254139493
-58.4388433238
-58.6254139493
-58.8123208753
-58.4388433238
-58.6254139493
-58.4388433238
-58.9995576387
-58.6254139493
-58.2526149282
-58.8123208753
-58.4388433238
-58.6254139493
-58.6254139493
-58.6254139493
-58.8123208753
-58.6254139493
-58.4388433238
-58.9995576387
-58.6254139493
-58.4388433238
-58.6254139493
-58.4388433238
-58.6254139493
-58.2526149282
-58.4388433238
-58.4388433238
-58.6254139493
-58.8123208753
-58.6254139493
-58.8123208753
-58.6254139493
-58.9995576387
-58.6254139493
-58.9995576387
-58.4388433238
-58.6254139493
-58.9995576387
-58.2526149282
-58.6254139493
-58.6254139493
-58.4388433238
-58.8123208753
-58.4388433238
-58.8123208753
-58.2526149282
-58.8123208753
-58.4388433238
-58.4388433238
-58.6254139493
-58.6254139493
-58.2526149282
-58.6254139493
-58.8123208753
-58.6254139493
-58.6254139493
-58.8123208753
-58.8123208753
-58.2526149282
-58.4388433238
-58.9995576387
-58.8123208753
-59.5631747401
-58.9995576387
-58.9995576387
-58.8123208753
-58.8123208753
-58.8123208753
-58.6254139493
-58.8123208753

