-58.066734139
-58.066734139
-59.3749922783
-58.2526149282
-58.2526149282
-58.066734139
-57.32677411
-57.88120576
-58.2526149282
-58.066734139
-57.88120576
-58.6254139493
-57.88120576
-56.9589755447
-57.88120576
-57.88120576
-57.88120576
-58.066734139
-57.88120576
-56.2277923385
-58.066734139
-58.066734139
-58.6254139493
-58.2526149282
-58.2526149282
-58.066734139
-58.2526149282
-58.2526149282
-58.4388433238
-58.2526149282
-58.066734139
-58.4388433238
-58.066734139
-58.066734139
-57.88120576
-58.2526149282
-58.4388433238
-57.88120576
-57.88120576
-58.066734139
-58.4388433238
-58.2526149282
-58.2526149282
-58.2526149282
-58.2526149282
-58.066734139
-58.2526149282
-58.4388433238
-58.066734139
-58.4388433238
-57.88120576
-58.2526149282
-58.2526149282
-58.4388433238
-58.6254139493
-58.2526149282
-58.066734139
-58.4388433238
-58.066734139
-58.066734139
-58.4388433238
-58.066734139
-58.066734139
-58.6254139493
-58.4388433238
-58.2526149282
-57.88120576
-58.066734139
-58.2526149282
-58.2526149282
-57.88120576
-58.6254139493
-58.066734139
-58.2526149282
-58.6254139493
-58.066734139
-58.4388433238
-58.066734139
-57.88120576
-58.066734139
-58.066734139
-57.88120576
-58.066734139
-58.6254139493
-58.066734139
-58.2526149282
-57.88120576
-58.4388433238
-58.2526149282
-57.88120576
-58.066734139
-58.066734139
-57.88120576
-58.066734139
-58.2526149282
-58.4388433238
-58.2526149282
-58.066734139
-58.066734139
-58.6254139493
-57.88120576
-58.2526149282
-58.066734139
-58.066734139
-58.6254139493
-58.2526149282
-57.88120576
-58.2526149282
-57.88120576
-58.2526149282
-58.066734139
-57.88120576
-58.6254139493
-58.066734139
-57.6960340019
-57.88120576
-58.2526149282
-58.066734139
-58.4388433238
-57.88120576
-58.2526149282
-58.066734139
-57.5112224632
-58.066734139
-58.066734139
-58.066734139
-57.88120576
-58.2526149282
-58.066734139
-58.2526149282
-58.2526149282
-58.2526149282
-57.6960340019
-57.5112224632
-58.4388433238
-58.066734139
-58.2526149282
-57.88120576
-57.88120576
-57.88120576
-58.2526149282
-57.5112224632
-58.066734139
-58.066734139
-58.066734139
-58.2526149282
-57.88120576
-57.88120576
-58.4388433238
-58.2526149282
-58.2526149282
-58.2526149282
-58.2526149282
-57.88120576
-57.88120576
-58.4388433238
-58.066734139
-58.066734139
-57.88120576
-58.2526149282
-57.88120576
-58.2526149282
-58.066734139
-58.2526149282
-58.2526149282
-57.6960340019
-58.066734139
-58.066734139
-58.066734139
-58.2526149282
-58.066734139
-58.066734139
-58.2526149282
-58.6254139493
-58.4388433238
-58.066734139
-58.2526149282
-58.066734139
-58.2526149282
-58.066734139
-57.88120576
-57.6960340019
-57.88120576
-58.066734139
-57.6960340019
-57.88120576
-58.066734139
-58.2526149282
-58.066734139
-58.066734139
-57.88120576
-58.066734139
-59.1871172632
-59.5631747401
-58.066734139
-58.066734139
-58.2526149282
-58.2526149282
-58.066734139
-58.2526149282
-59.3749922783

