-56.2277923385
-56.4100371898
-56.4100371898
-56.5926486378
-56.5926486378
-56.7756279254
-56.4100371898
-56.5926486378
-56.9589755447
-56.2277923385
-56.5926486378
-56.7756279254
-56.4100371898
-56.5926486378
-56.7756279254
-56.4100371898
-56.5926486378
-56.4100371898
-56.7756279254
-56.7756279254
-56.4100371898
-56.2277923385
-56.5926486378
-56.7756279254
-56.5926486378
-56.4100371898
-56.7756279254
-56.9589755447
-56.5926486378
-56.4100371898
-56.5926486378
-56.5926486378
-56.4100371898
-56.4100371898
-56.4100371898
-56.4100371898
-56.5926486378
-56.5926486378
-56.5926486378
-56.7756279254
-56.7756279254
-56.5926486378
-56.9589755447
-56.9589755447
-56.7756279254
-56.4100371898
-56.9589755447
-56.2277923385
-56.5926486378
-56.5926486378
-56.4100371898
-56.4100371898
-56.5926486378
-56.7756279254
-56.5926486378
-56.4100371898
-56.5926486378
-56.4100371898
-56.7756279254
-56.5926486378
-56.4100371898
-56.4100371898
-56.4100371898
-56.2277923385
-56.7756279254
-56.7756279254
-56.9589755447
-56.4100371898
-56.2277923385
-56.04591207
-56.2277923385
-56.5926486378
-56.4100371898
-56.5926486378
-56.5926486378
-56.4100371898
-56.5926486378
-56.5926486378
-56.2277923385
-56.5926486378
-56.7756279254
-56.5926486378
-56.2277923385
-56.2277923385
-56.4100371898
-56.5926486378
-56.7756279254
-56.7756279254
-56.4100371898
-56.5926486378
-56.5926486378
-56.2277923385
-56.5926486378
-56.2277923385
-56.04591207
-56.2277923385
-56.4100371898
-56.04591207
-56.5926486378
-56.4100371898
-56.5926486378
-56.2277923385
-56.4100371898
-56.5926486378
-56.4100371898
-56.5926486378
-56.04591207
-56.5926486378
-56.4100371898
-56.4100371898
-56.4100371898
-56.4100371898
-56.4100371898
-56.5926486378
-56.04591207
-56.2277923385
-56.2277923385
-56.5926486378
-56.2277923385
-56.7756279254
-56.7756279254
-56.2277923385
-56.4100371898
-56.7756279254
-56.5926486378
-56.5926486378
-56.5926486378
-56.04591207
-56.5926486378
-56.5926486378
-56.4100371898
-56.4100371898
-56.5926486378
-56.4100371898
-56.4100371898
-56.4100371898
-56.04591207
-56.5926486378
-56.2277923385
-56.7756279254
-56.4100371898
-56.4100371898
-56.5926486378
-56.7756279254
-56.5926486378
-56.4100371898
-56.4100371898
-56.5926486378
-56.4100371898
-56.4100371898
-56.4100371898
-56.2277923385
-56.04591207
-56.2277923385
-56.5926486378
-56.7756279254
-56.4100371898
-56.5926486378
-56.4100371898
-56.9589755447
-57.1426912564
-56.5926486378
-56.7756279254
-56.4100371898
-56.2277923385
-56.9589755447
-56.4100371898
-56.5926486378
-56.5926486378
-56.7756279254
-56.2277923385
-56.4100371898
-56.5926486378
-56.2277923385
-56.4100371898
-56.4100371898
-56.5926486378
-56.4100371898
-56.04591207
-56.4100371898
-56.4100371898
-56.5926486378
-56.5926486378
-56.5926486378
-56.4100371898
-56.04591207
-56.4100371898
-56.2277923385
-56.5926486378
-56.4100371898
-56.4100371898
-56.4100371898
-56.2277923385
-56.4100371898
-56.4100371898
-56.4100371898
-56.4100371898
-56.4100371898
-56.5926486378
-56.2277923385
-56.5926486378
-56.7756279254
-56.9589755447
-56.5926486378
-56.5926486378
-56.5926486378
-56.4100371898
-56.5926486378
-56.4100371898
-56.5926486378
-56.7756279254
-56.4100371898
-56.4100371898
-56.4100371898
-56.7756279254
-56.5926486378
-56.4100371898
-56.5926486378
-56.7756279254
-56.7756279254
-55.6832332537
-57.32677411
-56.2277923385
-56.4100371898
-56.4100371898
-56.5926486378
-56.4100371898
-56.4100371898
-56.5926486378

