-66.640972336
-66.640972336
-66.0662171135
-61.65078624
-67.0234111148
-66.8322722897
-66.640972336
-66.0662171135
-66.4495222478
-65.8743854654
-65.8743854654
-66.0662171135
-66.0662171135
-65.8743854654
-65.6824504392
-66.0662171135
-65.8743854654
-65.49042432
-65.8743854654
-65.6824504392
-66.257933317
-65.8743854654
-65.6824504392
-66.257933317
-66.0662171135
-66.4495222478
-66.4495222478
-66.257933317
-66.0662171135
-65.8743854654
-66.257933317
-66.4495222478
-66.0662171135
-66.640972336
-66.4495222478
-66.0662171135
-66.640972336
-66.4495222478
-66.257933317
-65.6824504392
-66.0662171135
-65.8743854654
-66.257933317
-66.257933317
-66.257933317
-66.257933317
-66.640972336
-66.4495222478
-65.49042432
-66.0662171135
-65.8743854654
-66.0662171135
-65.8743854654
-66.0662171135
-65.8743854654
-65.8743854654
-65.6824504392
-65.6824504392
-65.8743854654
-65.49042432
-66.0662171135
-66.0662171135
-66.4495222478
-66.4495222478
-66.257933317
-66.4495222478
-66.640972336
-66.640972336
-66.4495222478
-66.4495222478
-66.257933317
-66.8322722897
-66.8322722897
-66.4495222478
-66.8322722897
-66.0662171135
-66.257933317
-66.257933317
-66.4495222478
-66.0662171135
-65.6824504392
-66.4495222478
-65.8743854654
-66.4495222478
-66.257933317
-66.257933317
-66.4495222478
-66.640972336
-66.257933317
-66.4495222478
-66.4495222478
-66.4495222478
-66.0662171135
-65.6824504392
-66.257933317
-66.4495222478
-66.0662171135
-65.8743854654
-65.8743854654
-66.4495222478
-66.257933317
-65.8743854654
-66.0662171135
-66.0662171135
-65.8743854654
-65.8743854654
-66.0662171135
-65.8743854654
-65.8743854654
-66.0662171135
-66.0662171135
-66.0662171135
-66.0662171135
-66.257933317
-66.4495222478
-66.257933317
-66.640972336
-66.640972336
-66.257933317
-65.6824504392
-66.257933317
-65.8743854654
-65.8743854654
-67.0234111148
-65.49042432
-65.8743854654
-66.0662171135
-66.257933317
-65.6824504392
-65.8743854654
-65.8743854654
-66.0662171135
-65.8743854654
-66.257933317
-66.4495222478
-66.257933317
-65.6824504392
-66.4495222478
-65.1061489173
-66.0662171135
-66.0662171135
-66.257933317
-66.257933317
-65.8743854654
-65.8743854654
-66.257933317
-66.257933317
-65.8743854654
-66.0662171135
-66.0662171135
-65.8743854654
-65.8743854654
-66.257933317
-66.0662171135
-66.4495222478
-66.257933317
-66.257933317
-66.0662171135
-66.8322722897
-64.1447595972
-66.4495222478
-66.8322722897
-66.0662171135
-65.8743854654
-64.7216611585
-65.49042432
-66.4495222478
-66.0662171135
-66.0662171135
-66.257933317
-66.257933317
-66.0662171135
-66.0662171135
-66.257933317
-66.0662171135
-66.257933317
-66.0662171135
-67.0234111148
-66.257933317
-66.257933317
-66.4495222478
-66.4495222478
-66.257933317
-66.0662171135
-66.257933317
-66.257933317
-66.4495222478
-66.257933317
-65.8743854654
-65.8743854654
-66.0662171135
-66.4495222478
-66.0662171135
-66.257933317
-66.4495222478
-66.257933317
-65.49042432
-66.4495222478
-66.640972336
-66.640972336
-66.0662171135
-66.640972336
-66.257933317
-65.8743854654
-66.257933317
-66.0662171135
-66.4495222478
-66.4495222478
-66.257933317
-66.4495222478
-65.8743854654
-66.4495222478
-66.0662171135
-66.4495222478
-66.257933317
-66.640972336
-66.4495222478
-66.257933317
-65.1061489173
-66.640972336
-68.3560194534
-65.8743854654
-64.5293701172
-66.0662171135
-66.4495222478
-66.4495222478
-67.0234111148
-66.640972336
-66.8322722897

