-61.0786084717
-61.65078624
-61.0786084717
-61.8418929015
-61.65078624
-61.269132055
-61.4598619284
-61.65078624
-61.269132055
-61.4598619284
-61.4598619284
-61.65078624
-62.033169608
-61.65078624
-61.8418929015
-61.65078624
-61.8418929015
-61.65078624
-61.8418929015
-61.65078624
-61.65078624
-61.4598619284
-61.8418929015
-61.4598619284
-61.4598619284
-61.8418929015
-61.4598619284
-61.65078624
-61.0786084717
-61.8418929015
-61.8418929015
-62.033169608
-61.65078624
-61.0786084717
-61.8418929015
-61.269132055
-61.65078624
-61.65078624
-62.033169608
-61.4598619284
-61.65078624
-61.8418929015
-61.65078624
-61.269132055
-61.4598619284
-61.4598619284
-61.4598619284
-61.65078624
-61.4598619284
-61.8418929015
-61.65078624
-61.269132055
-61.8418929015
-61.8418929015
-61.8418929015
-61.4598619284
-61.4598619284
-61.269132055
-61.8418929015
-61.269132055
-61.4598619284
-61.65078624
-61.269132055
-62.033169608
-61.4598619284
-61.269132055
-61.4598619284
-61.4598619284
-61.0786084717
-61.269132055
-62.2246038574
-61.4598619284
-61.8418929015
-61.8418929015
-61.4598619284
-62.033169608
-61.4598619284
-61.4598619284
-61.8418929015
-61.65078624
-61.65078624
-60.5083900165
-62.033169608
-61.0786084717
-61.269132055
-61.8418929015
-62.2246038574
-61.4598619284
-61.4598619284
-61.4598619284
-61.65078624
-61.65078624
-61.4598619284
-61.65078624
-61.65078624
-61.65078624
-61.8418929015
-61.4598619284
-61.65078624
-61.65078624
-61.65078624
-61.4598619284
-61.269132055
-61.65078624
-61.4598619284
-61.4598619284
-60.8883027739
-60.8883027739
-61.4598619284
-61.4598619284
-61.8418929015
-61.269132055
-61.0786084717
-62.033169608
-61.65078624
-62.4161829708
-61.65078624
-61.65078624
-61.269132055
-61.269132055
-61.65078624
-61.65078624
-61.4598619284
-61.65078624
-61.0786084717
-61.65078624
-61.4598619284
-61.4598619284
-61.4598619284
-61.4598619284
-60.8883027739
-61.269132055
-61.65078624
-61.4598619284
-61.4598619284
-61.269132055
-61.0786084717
-61.65078624
-60.6982262809
-61.8418929015
-61.4598619284
-61.269132055
-61.4598619284
-61.65078624
-61.4598619284
-61.269132055
-61.4598619284
-61.4598619284
-61.65078624
-61.0786084717
-61.4598619284
-61.269132055
-61.8418929015
-61.269132055
-61.4598619284
-61.4598619284
-60.6982262809
-61.269132055
-61.269132055
-61.4598619284
-61.4598619284
-61.269132055
-60.6982262809
-61.4598619284
-61.4598619284
-61.65078624
-61.0786084717
-61.269132055
-61.4598619284
-60.8883027739
-61.0786084717
-61.65078624
-61.4598619284
-61.269132055
-61.0786084717
-61.0786084717
-61.4598619284
-61.4598619284
-61.4598619284
-61.4598619284
-60.6982262809
-61.4598619284
-61.4598619284
-61.8418929015
-61.269132055
-61.4598619284
-61.269132055
-62.033169608
-61.4598619284
-61.269132055
-61.269132055
-61.4598619284
-61.65078624
-61.269132055
-61.4598619284
-61.4598619284
-61.4598619284
-61.269132055
-61.269132055
-61.4598619284
-62.033169608
-61.269132055
-61.0786084717
-61.0786084717
-62.033169608
-58.066734139
-61.269132055
-61.269132055
-61.269132055
-61.4598619284
-61.65078624

